23
22
20
22
24
20
1f
1e
1d
20
1b
1b
1c
1b
1b
1c
1c
1d
22
24
26
29
2e
2c
2c
2c
28
21
17
11
03
10
1e
23
22
1c
1a
17
16
15
12
15
16
13
15
15
13
14
12
13
17
15
11
0e
0c
08
0a
05
05
05
01
02
04
04
04
04
01
02
07
05
04
03
02
00
03
02
02
01
07
06
04
06
06
07
05
07
06
06
07
07
04
04
06
08
05
05
08
06
08
08
08
08
07
07
07
08
05
03
01
03
03
04
02
05
07
04
05
04
03
04
07
05
06
08
05
04
01
07
0c
07
03
00
05
03
06
03
01
03
02
06
00
01
02
02
01
03
02
00
00
00
01
00
05
05
06
08
0c
0e
12
1b
15
0b
01
09
0f
16
18
1c
21
22
21
1b
16
18
18
18
1b
1a
1c
1b
1e
1d
1a
1a
19
19
19
19
18
1a
1c
19
1b
1d
1e
1b
1e
20
1e
1a
18
27
45
50
54
57
5b
5c
5c
53
39
08
1a
1b
15
11
0b
09
0a
06
04
09
06
07
05
01
07
08
06
06
07
05
03
03
04
03
02
04
03
09
02
03
01
02
02
01
03
06
0a
0a
0b
08
15
2c
2b
09
00
01
00
00
00
00
00
01
00
00
01
00
01
01
00
00
00
00
00
00
00
01
00
01
01
00
01
01
00
01
01
01
01
01
00
00
00
00
00
01
00
00
00
00
01
00
00
01
01
01
01
00
00
01
00
01
00
00
01
01
01
01
01
00
01
01
02
00
00
01
00
00
01
00
00
00
01
00
01
01
01
00
00
01
00
00
01
00
00
01
01
01
00
00
01
00
00
01
00
00
00
00
01
01
00
00
00
01
01
00
01
00
00
00
01
00
00
00
00
00
00
01
00
00
00
01
02
01
00
01
01
00
00
00
00
01
01
00
00
00
01
00
00
00
01
00
01
00
00
00
01
00
01
00
00
01
01
00
02
03
00
00
00
01
00
00
01
00
00
00
00
01
01
00
01
00
00
00
00
01
01
00
01
00
01
01
00
00
01
00
00
01
01
01
00
01
00
01
00
01
03
00
02
00
00
00
00
00
02
03
01
05
03
00
00
00
00
01
00
01
00
00
00
01
01
01
01
01
00
00
01
00
00
00
00
00
00
00
01
01
00
00
00
01
00
00
00
01
00
01
03
03
03
05
00
07
23
23
20
23
25
21
20
1f
1c
21
1c
1c
1b
1a
1a
1b
1c
1e
23
24
25
29
30
2c
2b
2b
2a
22
16
14
02
11
1f
24
23
1c
1a
16
17
15
10
16
15
12
14
14
12
13
11
12
17
15
10
0d
0d
09
0b
04
05
06
00
01
04
05
03
03
01
03
08
06
03
02
03
01
03
02
03
01
06
07
03
04
04
06
05
06
05
05
06
06
04
05
07
09
04
04
07
06
09
09
09
07
08
06
08
08
06
04
02
02
03
03
02
06
06
05
06
05
04
05
08
05
07
09
04
05
00
08
0e
06
02
00
06
04
07
02
00
02
01
07
01
01
02
02
02
02
01
01
00
01
02
01
04
06
08
07
0d
0f
11
1c
14
0a
00
0a
0e
15
19
1d
20
21
23
1b
15
17
18
18
1c
1b
1d
1a
1f
1d
19
1b
19
1a
19
19
17
1b
1b
18
1a
1e
1f
1a
1f
21
1d
1a
19
28
46
50
53
56
5a
5b
5b
52
37
06
19
1a
14
12
0a
0a
0a
05
03
0a
05
08
06
01
07
08
06
05
06
06
04
04
04
02
01
05
04
09
03
02
00
01
03
02
02
07
09
0a
0e
09
16
2e
30
11
01
00
01
00
00
00
00
00
01
00
01
01
00
01
00
00
00
00
01
00
01
01
01
00
00
01
01
02
00
00
00
01
01
01
00
00
00
01
01
01
01
01
00
00
01
00
00
01
01
00
01
01
00
01
00
01
01
01
01
00
01
02
00
01
01
00
02
00
00
01
00
01
01
01
00
01
02
00
00
00
01
00
01
00
00
00
02
00
00
00
01
01
00
01
01
00
00
00
00
00
01
01
00
00
01
01
00
01
00
00
00
00
00
01
01
00
00
00
00
00
01
02
00
01
01
01
02
01
01
01
01
00
00
00
01
01
01
00
01
00
01
00
00
00
00
00
01
01
00
01
01
00
00
00
00
00
01
01
02
03
00
02
00
00
00
01
01
01
00
01
01
01
01
00
01
00
00
00
01
00
01
01
01
01
01
01
00
01
00
01
00
01
00
01
01
01
00
00
00
01
03
01
02
01
00
00
00
00
02
03
01
04
02
01
01
01
01
01
01
01
01
01
00
02
00
01
02
01
00
00
01
00
00
01
00
00
01
00
01
01
01
01
01
00
00
01
00
01
01
00
03
02
01
05
00
07
